0.000000 0.000000 0.000000 0.000000 
-0.000099 -0.000038 -0.000016 -0.000097 
-0.000198 -0.000076 -0.000031 -0.000194 
-0.000297 -0.000115 -0.000047 -0.000290 
-0.000396 -0.000153 -0.000062 -0.000387 
-0.000495 -0.000191 -0.000078 -0.000484 
-0.000595 -0.000229 -0.000094 -0.000581 
-0.000694 -0.000267 -0.000109 -0.000678 
-0.000793 -0.000306 -0.000125 -0.000774 
-0.000892 -0.000344 -0.000140 -0.000871 
-0.000991 -0.000382 -0.000156 -0.000968 
-0.001090 -0.000420 -0.000172 -0.001065 
-0.001189 -0.000458 -0.000187 -0.001162 
-0.001288 -0.000497 -0.000203 -0.001258 
-0.001387 -0.000535 -0.000218 -0.001355 
-0.001486 -0.000573 -0.000234 -0.001452 
-0.001586 -0.000611 -0.000250 -0.001549 
-0.001685 -0.000649 -0.000265 -0.001646 
-0.001784 -0.000688 -0.000281 -0.001742 
-0.001883 -0.000726 -0.000296 -0.001839 
-0.001982 -0.000764 -0.000312 -0.001936 
-0.002081 -0.000802 -0.000328 -0.002033 
-0.002180 -0.000840 -0.000343 -0.002130 
-0.002279 -0.000879 -0.000359 -0.002226 
-0.002378 -0.000917 -0.000374 -0.002323 
-0.002478 -0.000955 -0.000390 -0.002420 
-0.002577 -0.000993 -0.000406 -0.002517 
-0.002676 -0.001031 -0.000421 -0.002614 
-0.002775 -0.001070 -0.000437 -0.002710 
-0.002874 -0.001108 -0.000452 -0.002807 
-0.002973 -0.001146 -0.000468 -0.002904 
-0.003072 -0.001184 -0.000484 -0.003001 
-0.003171 -0.001222 -0.000499 -0.003098 
-0.003270 -0.001261 -0.000515 -0.003194 
-0.003369 -0.001299 -0.000530 -0.003291 
-0.003468 -0.001337 -0.000546 -0.003388 
-0.003568 -0.001375 -0.000562 -0.003485 
-0.003667 -0.001413 -0.000577 -0.003582 
-0.003766 -0.001452 -0.000593 -0.003678 
-0.003865 -0.001490 -0.000608 -0.003775 
-0.003964 -0.001528 -0.000624 -0.003872 
-0.004063 -0.001566 -0.000640 -0.003969 
-0.004162 -0.001604 -0.000655 -0.004066 
-0.004261 -0.001643 -0.000671 -0.004162 
-0.004360 -0.001681 -0.000686 -0.004259 
-0.004459 -0.001719 -0.000702 -0.004356 
-0.004559 -0.001757 -0.000718 -0.004453 
-0.004658 -0.001795 -0.000733 -0.004550 
-0.004757 -0.001834 -0.000749 -0.004646 
-0.004856 -0.001872 -0.000764 -0.004743 
-0.004955 -0.001910 -0.000780 -0.004840 
-0.005054 -0.001948 -0.000796 -0.004937 
-0.005153 -0.001986 -0.000811 -0.005034 
-0.005252 -0.002025 -0.000827 -0.005130 
-0.005351 -0.002063 -0.000842 -0.005227 
-0.005450 -0.002101 -0.000858 -0.005324 
-0.005550 -0.002139 -0.000874 -0.005421 
-0.005649 -0.002177 -0.000889 -0.005518 
-0.005748 -0.002216 -0.000905 -0.005614 
-0.005847 -0.002254 -0.000920 -0.005711 
-0.005946 -0.002292 -0.000936 -0.005808 
-0.006045 -0.002330 -0.000952 -0.005905 
-0.006144 -0.002368 -0.000967 -0.006002 
-0.006243 -0.002407 -0.000983 -0.006098 
-0.006342 -0.002445 -0.000998 -0.006195 
-0.006441 -0.002483 -0.001014 -0.006292 
-0.006541 -0.002521 -0.001030 -0.006389 
-0.006640 -0.002559 -0.001045 -0.006486 
-0.006739 -0.002598 -0.001061 -0.006582 
-0.006838 -0.002636 -0.001076 -0.006679 
-0.006937 -0.002674 -0.001092 -0.006776 
-0.007036 -0.002712 -0.001108 -0.006873 
-0.007135 -0.002750 -0.001123 -0.006970 
-0.007234 -0.002789 -0.001139 -0.007066 
-0.007333 -0.002827 -0.001154 -0.007163 
-0.007432 -0.002865 -0.001170 -0.007260 
-0.007532 -0.002903 -0.001186 -0.007357 
-0.007631 -0.002941 -0.001201 -0.007454 
-0.007730 -0.002980 -0.001217 -0.007550 
-0.007829 -0.003018 -0.001232 -0.007647 
-0.007928 -0.003056 -0.001248 -0.007744 
-0.008027 -0.003094 -0.001264 -0.007841 
-0.008126 -0.003132 -0.001279 -0.007938 
-0.008225 -0.003171 -0.001295 -0.008034 
-0.008324 -0.003209 -0.001310 -0.008131 
-0.008423 -0.003247 -0.001326 -0.008228 
-0.008523 -0.003285 -0.001342 -0.008325 
-0.008622 -0.003323 -0.001357 -0.008422 
-0.008721 -0.003362 -0.001373 -0.008518 
-0.008820 -0.003400 -0.001388 -0.008615 
-0.008919 -0.003438 -0.001404 -0.008712 
-0.009018 -0.003476 -0.001420 -0.008809 
-0.009117 -0.003514 -0.001435 -0.008906 
-0.009216 -0.003553 -0.001451 -0.009002 
-0.009315 -0.003591 -0.001466 -0.009099 
-0.009414 -0.003629 -0.001482 -0.009196 
-0.009514 -0.003667 -0.001498 -0.009293 
-0.009613 -0.003705 -0.001513 -0.009390 
-0.009712 -0.003744 -0.001529 -0.009486 
-0.009811 -0.003782 -0.001544 -0.009583 
-0.009910 -0.003820 -0.001560 -0.009680 
-0.010009 -0.003858 -0.001576 -0.009777 
-0.010108 -0.003896 -0.001591 -0.009874 
-0.010207 -0.003935 -0.001607 -0.009970 
-0.010306 -0.003973 -0.001622 -0.010067 
-0.010405 -0.004011 -0.001638 -0.010164 
-0.010505 -0.004049 -0.001654 -0.010261 
-0.010604 -0.004087 -0.001669 -0.010358 
-0.010703 -0.004126 -0.001685 -0.010454 
-0.010802 -0.004164 -0.001700 -0.010551 
-0.010901 -0.004202 -0.001716 -0.010648 
-0.011000 -0.004240 -0.001732 -0.010745 
-0.011099 -0.004278 -0.001747 -0.010842 
-0.011198 -0.004317 -0.001763 -0.010938 
-0.011297 -0.004355 -0.001778 -0.011035 
-0.011397 -0.004393 -0.001794 -0.011132 
-0.011496 -0.004431 -0.001810 -0.011229 
-0.011595 -0.004469 -0.001825 -0.011326 
-0.011694 -0.004508 -0.001841 -0.011422 
-0.011793 -0.004546 -0.001856 -0.011519 
-0.011892 -0.004584 -0.001872 -0.011616 
-0.011991 -0.004622 -0.001888 -0.011713 
-0.012090 -0.004660 -0.001903 -0.011810 
-0.012189 -0.004699 -0.001919 -0.011906 
-0.012288 -0.004737 -0.001934 -0.012003 
-0.012387 -0.004775 -0.001950 -0.012100 
-0.012487 -0.004813 -0.001966 -0.012197 
-0.012586 -0.004851 -0.001981 -0.012294 
-0.012685 -0.004890 -0.001997 -0.012390 
-0.012784 -0.004928 -0.002012 -0.012487 
-0.012883 -0.004966 -0.002028 -0.012584 
-0.012982 -0.005004 -0.002044 -0.012681 
-0.013081 -0.005042 -0.002059 -0.012778 
-0.013180 -0.005081 -0.002075 -0.012874 
-0.013279 -0.005119 -0.002090 -0.012971 
-0.013378 -0.005157 -0.002106 -0.013068 
-0.013478 -0.005195 -0.002122 -0.013165 
-0.013577 -0.005233 -0.002137 -0.013262 
-0.013676 -0.005272 -0.002153 -0.013358 
-0.013775 -0.005310 -0.002168 -0.013455 
-0.013874 -0.005348 -0.002184 -0.013552 
-0.013973 -0.005386 -0.002200 -0.013649 
-0.014072 -0.005424 -0.002215 -0.013746 
-0.014171 -0.005463 -0.002231 -0.013842 
-0.014270 -0.005501 -0.002246 -0.013939 
-0.014369 -0.005539 -0.002262 -0.014036 
-0.014469 -0.005577 -0.002278 -0.014133 
-0.014568 -0.005615 -0.002293 -0.014230 
-0.014667 -0.005654 -0.002309 -0.014326 
-0.014766 -0.005692 -0.002324 -0.014423 
-0.014865 -0.005730 -0.002340 -0.014520 
-0.014964 -0.005768 -0.002356 -0.014617 
-0.015063 -0.005806 -0.002371 -0.014714 
-0.015162 -0.005845 -0.002387 -0.014810 
-0.015261 -0.005883 -0.002402 -0.014907 
-0.015360 -0.005921 -0.002418 -0.015004 
-0.015460 -0.005959 -0.002434 -0.015101 
-0.015559 -0.005997 -0.002449 -0.015198 
-0.015658 -0.006036 -0.002465 -0.015294 
-0.015757 -0.006074 -0.002480 -0.015391 
-0.015856 -0.006112 -0.002496 -0.015488 
-0.015955 -0.006150 -0.002512 -0.015585 
-0.016054 -0.006188 -0.002527 -0.015682 
-0.016153 -0.006227 -0.002543 -0.015778 
-0.016252 -0.006265 -0.002558 -0.015875 
-0.016351 -0.006303 -0.002574 -0.015972 
-0.016451 -0.006341 -0.002590 -0.016069 
-0.016550 -0.006379 -0.002605 -0.016166 
-0.016649 -0.006418 -0.002621 -0.016262 
-0.016748 -0.006456 -0.002636 -0.016359 
-0.016847 -0.006494 -0.002652 -0.016456 
-0.016946 -0.006532 -0.002668 -0.016553 
-0.017045 -0.006570 -0.002683 -0.016650 
-0.017144 -0.006609 -0.002699 -0.016746 
-0.017243 -0.006647 -0.002714 -0.016843 
-0.017342 -0.006685 -0.002730 -0.016940 
-0.017442 -0.006723 -0.002746 -0.017037 
-0.017541 -0.006761 -0.002761 -0.017134 
-0.017640 -0.006800 -0.002777 -0.017230 
-0.017739 -0.006838 -0.002792 -0.017327 
-0.017838 -0.006876 -0.002808 -0.017424 
-0.017937 -0.006914 -0.002824 -0.017521 
-0.018036 -0.006952 -0.002839 -0.017618 
-0.018135 -0.006991 -0.002855 -0.017714 
-0.018234 -0.007029 -0.002870 -0.017811 
-0.018333 -0.007067 -0.002886 -0.017908 
-0.018433 -0.007105 -0.002902 -0.018005 
-0.018532 -0.007143 -0.002917 -0.018102 
-0.018631 -0.007182 -0.002933 -0.018198 
-0.018730 -0.007220 -0.002948 -0.018295 
-0.018829 -0.007258 -0.002964 -0.018392 
-0.018928 -0.007296 -0.002980 -0.018489 
-0.019027 -0.007334 -0.002995 -0.018586 
-0.019126 -0.007373 -0.003011 -0.018682 
-0.019225 -0.007411 -0.003026 -0.018779 
-0.019325 -0.007449 -0.003042 -0.018876 
-0.019424 -0.007487 -0.003058 -0.018973 
-0.019523 -0.007525 -0.003073 -0.019070 
-0.019622 -0.007564 -0.003089 -0.019166 
-0.019721 -0.007602 -0.003104 -0.019263 
-0.019820 -0.007640 -0.003120 -0.019360 
-0.019919 -0.007678 -0.003136 -0.019457 
-0.020018 -0.007716 -0.003151 -0.019554 
-0.020117 -0.007755 -0.003167 -0.019650 
-0.020216 -0.007793 -0.003182 -0.019747 
-0.020316 -0.007831 -0.003198 -0.019844 
-0.020415 -0.007869 -0.003214 -0.019941 
-0.020514 -0.007907 -0.003229 -0.020038 
-0.020613 -0.007946 -0.003245 -0.020134 
-0.020712 -0.007984 -0.003260 -0.020231 
-0.020811 -0.008022 -0.003276 -0.020328 
-0.020910 -0.008060 -0.003292 -0.020425 
-0.021009 -0.008098 -0.003307 -0.020522 
-0.021108 -0.008137 -0.003323 -0.020618 
-0.021207 -0.008175 -0.003338 -0.020715 
-0.021306 -0.008213 -0.003354 -0.020812 
-0.021406 -0.008251 -0.003370 -0.020909 
-0.021505 -0.008289 -0.003385 -0.021006 
-0.021604 -0.008328 -0.003401 -0.021102 
-0.021703 -0.008366 -0.003416 -0.021199 
-0.021802 -0.008404 -0.003432 -0.021296 
-0.021901 -0.008442 -0.003448 -0.021393 
-0.022000 -0.008480 -0.003463 -0.021490 
-0.022099 -0.008519 -0.003479 -0.021586 
-0.022198 -0.008557 -0.003494 -0.021683 
-0.022297 -0.008595 -0.003510 -0.021780 
-0.022397 -0.008633 -0.003526 -0.021877 
-0.022496 -0.008671 -0.003541 -0.021974 
-0.022595 -0.008710 -0.003557 -0.022070 
-0.022694 -0.008748 -0.003572 -0.022167 
-0.022793 -0.008786 -0.003588 -0.022264 
-0.022892 -0.008824 -0.003604 -0.022361 
-0.022991 -0.008862 -0.003619 -0.022458 
-0.023090 -0.008901 -0.003635 -0.022554 
-0.023189 -0.008939 -0.003650 -0.022651 
-0.023289 -0.008977 -0.003666 -0.022748 
-0.023388 -0.009015 -0.003682 -0.022845 
-0.023487 -0.009053 -0.003697 -0.022942 
-0.023586 -0.009092 -0.003713 -0.023038 
-0.023685 -0.009130 -0.003728 -0.023135 
-0.023784 -0.009168 -0.003744 -0.023232 
-0.023883 -0.009206 -0.003760 -0.023329 
-0.023982 -0.009244 -0.003775 -0.023426 
-0.024081 -0.009283 -0.003791 -0.023522 
-0.024180 -0.009321 -0.003806 -0.023619 
-0.024279 -0.009359 -0.003822 -0.023716 
-0.024379 -0.009397 -0.003838 -0.023813 
-0.024478 -0.009435 -0.003853 -0.023910 
-0.024577 -0.009474 -0.003869 -0.024006 
-0.024676 -0.009512 -0.003884 -0.024103 
-0.024775 -0.009550 -0.003900 -0.024200 
-0.024874 -0.009588 -0.003916 -0.024297 
-0.024973 -0.009626 -0.003931 -0.024394 
-0.025072 -0.009665 -0.003947 -0.024490 
-0.025171 -0.009703 -0.003962 -0.024587 
-0.025270 -0.009741 -0.003978 -0.024684 
-0.025370 -0.009779 -0.003994 -0.024781 
-0.025469 -0.009817 -0.004009 -0.024878 
-0.025568 -0.009856 -0.004025 -0.024974 
-0.025667 -0.009894 -0.004040 -0.025071 
-0.025766 -0.009932 -0.004056 -0.025168 
-0.025865 -0.009970 -0.004072 -0.025265 
-0.025964 -0.010008 -0.004087 -0.025362 
-0.026063 -0.010047 -0.004103 -0.025458 
-0.026162 -0.010085 -0.004118 -0.025555 
-0.026261 -0.010123 -0.004134 -0.025652 
-0.026361 -0.010161 -0.004150 -0.025749 
-0.026460 -0.010199 -0.004165 -0.025846 
-0.026559 -0.010238 -0.004181 -0.025942 
-0.026658 -0.010276 -0.004196 -0.026039 
-0.026757 -0.010314 -0.004212 -0.026136 
-0.026856 -0.010352 -0.004228 -0.026233 
-0.026955 -0.010390 -0.004243 -0.026330 
-0.027054 -0.010429 -0.004259 -0.026426 
-0.027153 -0.010467 -0.004274 -0.026523 
-0.027252 -0.010505 -0.004290 -0.026620 
-0.027352 -0.010543 -0.004306 -0.026717 
-0.027451 -0.010581 -0.004321 -0.026814 
-0.027550 -0.010620 -0.004337 -0.026910 
-0.027649 -0.010658 -0.004352 -0.027007 
-0.027748 -0.010696 -0.004368 -0.027104 
-0.027847 -0.010734 -0.004384 -0.027201 
-0.027946 -0.010772 -0.004399 -0.027298 
-0.028045 -0.010811 -0.004415 -0.027394 
-0.028144 -0.010849 -0.004430 -0.027491 
-0.028243 -0.010887 -0.004446 -0.027588 
-0.028343 -0.010925 -0.004462 -0.027685 
-0.028442 -0.010963 -0.004477 -0.027782 
-0.028541 -0.011002 -0.004493 -0.027878 
-0.028640 -0.011040 -0.004508 -0.027975 
-0.028739 -0.011078 -0.004524 -0.028072 
-0.028838 -0.011116 -0.004540 -0.028169 
-0.028937 -0.011154 -0.004555 -0.028266 
-0.029036 -0.011193 -0.004571 -0.028362 
-0.029135 -0.011231 -0.004586 -0.028459 
-0.029234 -0.011269 -0.004602 -0.028556 
-0.029334 -0.011307 -0.004618 -0.028653 
-0.029433 -0.011345 -0.004633 -0.028750 
-0.029532 -0.011384 -0.004649 -0.028846 
-0.029631 -0.011422 -0.004664 -0.028943 
-0.029730 -0.011460 -0.004680 -0.029040 
-0.029829 -0.011498 -0.004696 -0.029137 
-0.029928 -0.011536 -0.004711 -0.029234 
-0.030027 -0.011575 -0.004727 -0.029330 
-0.030126 -0.011613 -0.004742 -0.029427 
-0.030225 -0.011651 -0.004758 -0.029524 
-0.030325 -0.011689 -0.004774 -0.029621 
-0.030424 -0.011727 -0.004789 -0.029718 
-0.030523 -0.011766 -0.004805 -0.029814 
-0.030622 -0.011804 -0.004820 -0.029911 
-0.030721 -0.011842 -0.004836 -0.030008 
-0.030820 -0.011880 -0.004852 -0.030105 
-0.030919 -0.011918 -0.004867 -0.030202 
-0.031018 -0.011957 -0.004883 -0.030298 
-0.031117 -0.011995 -0.004898 -0.030395 
-0.031216 -0.012033 -0.004914 -0.030492 
-0.031316 -0.012071 -0.004930 -0.030589 
-0.031415 -0.012109 -0.004945 -0.030686 
-0.031514 -0.012148 -0.004961 -0.030782 
-0.031613 -0.012186 -0.004976 -0.030879 
-0.031712 -0.012224 -0.004992 -0.030976 
-0.031811 -0.012262 -0.005008 -0.031073 
-0.031910 -0.012300 -0.005023 -0.031170 
-0.032009 -0.012339 -0.005039 -0.031266 
-0.032108 -0.012377 -0.005054 -0.031363 
-0.032207 -0.012415 -0.005070 -0.031460 
-0.032307 -0.012453 -0.005086 -0.031557 
-0.032406 -0.012491 -0.005101 -0.031654 
-0.032505 -0.012530 -0.005117 -0.031750 
-0.032604 -0.012568 -0.005132 -0.031847 
-0.032703 -0.012606 -0.005148 -0.031944 
-0.032802 -0.012644 -0.005164 -0.032041 
-0.032901 -0.012682 -0.005179 -0.032138 
-0.033000 -0.012721 -0.005195 -0.032234 
-0.033099 -0.012759 -0.005210 -0.032331 
-0.033198 -0.012797 -0.005226 -0.032428 
-0.033298 -0.012835 -0.005242 -0.032525 
-0.033397 -0.012873 -0.005257 -0.032622 
-0.033496 -0.012912 -0.005273 -0.032718 
-0.033595 -0.012950 -0.005288 -0.032815 
-0.033694 -0.012988 -0.005304 -0.032912 
-0.033793 -0.013026 -0.005320 -0.033009 
-0.033892 -0.013064 -0.005335 -0.033106 
-0.033991 -0.013103 -0.005351 -0.033202 
-0.034090 -0.013141 -0.005366 -0.033299 
-0.034189 -0.013179 -0.005382 -0.033396 
-0.034289 -0.013217 -0.005398 -0.033493 
-0.034388 -0.013255 -0.005413 -0.033590 
-0.034487 -0.013294 -0.005429 -0.033686 
-0.034586 -0.013332 -0.005444 -0.033783 
-0.034685 -0.013370 -0.005460 -0.033880 
-0.034784 -0.013408 -0.005476 -0.033977 
-0.034883 -0.013446 -0.005491 -0.034074 
-0.034982 -0.013485 -0.005507 -0.034170 
-0.035081 -0.013523 -0.005522 -0.034267 
-0.035180 -0.013561 -0.005538 -0.034364 
-0.035280 -0.013599 -0.005554 -0.034461 
-0.035379 -0.013637 -0.005569 -0.034558 
-0.035478 -0.013676 -0.005585 -0.034654 
-0.035577 -0.013714 -0.005600 -0.034751 
-0.035676 -0.013752 -0.005616 -0.034848 
-0.035775 -0.013790 -0.005632 -0.034945 
-0.035874 -0.013828 -0.005647 -0.035042 
-0.035973 -0.013867 -0.005663 -0.035138 
-0.036072 -0.013905 -0.005678 -0.035235 
-0.036171 -0.013943 -0.005694 -0.035332 
-0.036271 -0.013981 -0.005710 -0.035429 
-0.036370 -0.014019 -0.005725 -0.035526 
-0.036469 -0.014058 -0.005741 -0.035622 
-0.036568 -0.014096 -0.005756 -0.035719 
-0.036667 -0.014134 -0.005772 -0.035816 
-0.036766 -0.014172 -0.005788 -0.035913 
-0.036865 -0.014210 -0.005803 -0.036010 
-0.036964 -0.014249 -0.005819 -0.036106 
-0.037063 -0.014287 -0.005834 -0.036203 
-0.037162 -0.014325 -0.005850 -0.036300 
-0.037262 -0.014363 -0.005866 -0.036397 
-0.037361 -0.014401 -0.005881 -0.036494 
-0.037460 -0.014440 -0.005897 -0.036590 
-0.037559 -0.014478 -0.005912 -0.036687 
-0.037658 -0.014516 -0.005928 -0.036784 
-0.037757 -0.014554 -0.005944 -0.036881 
-0.037856 -0.014592 -0.005959 -0.036978 
-0.037955 -0.014631 -0.005975 -0.037074 
-0.038054 -0.014669 -0.005990 -0.037171 
-0.038153 -0.014707 -0.006006 -0.037268 
-0.038253 -0.014745 -0.006022 -0.037365 
-0.038352 -0.014783 -0.006037 -0.037462 
-0.038451 -0.014822 -0.006053 -0.037558 
-0.038550 -0.014860 -0.006068 -0.037655 
-0.038649 -0.014898 -0.006084 -0.037752 
-0.038748 -0.014936 -0.006100 -0.037849 
-0.038847 -0.014974 -0.006115 -0.037946 
-0.038946 -0.015013 -0.006131 -0.038042 
-0.039045 -0.015051 -0.006146 -0.038139 
-0.039144 -0.015089 -0.006162 -0.038236 
-0.039244 -0.015127 -0.006178 -0.038333 
-0.039343 -0.015165 -0.006193 -0.038430 
-0.039442 -0.015204 -0.006209 -0.038526 
-0.039541 -0.015242 -0.006224 -0.038623 
-0.039640 -0.015280 -0.006240 -0.038720 
-0.039739 -0.015318 -0.006256 -0.038817 
-0.039838 -0.015356 -0.006271 -0.038914 
-0.039937 -0.015395 -0.006287 -0.039010 
-0.040036 -0.015433 -0.006302 -0.039107 
-0.040135 -0.015471 -0.006318 -0.039204 
-0.040235 -0.015509 -0.006334 -0.039301 
-0.040334 -0.015547 -0.006349 -0.039398 
-0.040433 -0.015586 -0.006365 -0.039494 
-0.040532 -0.015624 -0.006380 -0.039591 
-0.040631 -0.015662 -0.006396 -0.039688 
-0.040730 -0.015700 -0.006412 -0.039785 
-0.040829 -0.015738 -0.006427 -0.039882 
-0.040928 -0.015777 -0.006443 -0.039978 
-0.041027 -0.015815 -0.006458 -0.040075 
-0.041127 -0.015853 -0.006474 -0.040172 
-0.041226 -0.015891 -0.006490 -0.040269 
-0.041325 -0.015929 -0.006505 -0.040366 
-0.041424 -0.015968 -0.006521 -0.040462 
-0.041523 -0.016006 -0.006536 -0.040559 
-0.041622 -0.016044 -0.006552 -0.040656 
-0.041721 -0.016082 -0.006568 -0.040753 
-0.041820 -0.016120 -0.006583 -0.040850 
-0.041919 -0.016159 -0.006599 -0.040946 
-0.042018 -0.016197 -0.006614 -0.041043 
-0.042118 -0.016235 -0.006630 -0.041140 
-0.042217 -0.016273 -0.006646 -0.041237 
-0.042316 -0.016311 -0.006661 -0.041334 
-0.042415 -0.016350 -0.006677 -0.041430 
-0.042514 -0.016388 -0.006692 -0.041527 
-0.042613 -0.016426 -0.006708 -0.041624 
-0.042712 -0.016464 -0.006724 -0.041721 
-0.042811 -0.016502 -0.006739 -0.041818 
-0.042910 -0.016541 -0.006755 -0.041914 
-0.043009 -0.016579 -0.006770 -0.042011 
-0.043109 -0.016617 -0.006786 -0.042108 
-0.043208 -0.016655 -0.006802 -0.042205 
-0.043307 -0.016693 -0.006817 -0.042302 
-0.043406 -0.016732 -0.006833 -0.042398 
-0.043505 -0.016770 -0.006848 -0.042495 
-0.043604 -0.016808 -0.006864 -0.042592 
-0.043703 -0.016846 -0.006880 -0.042689 
-0.043802 -0.016884 -0.006895 -0.042786 
-0.043901 -0.016923 -0.006911 -0.042882 
-0.044000 -0.016961 -0.006926 -0.042979 
-0.044099 -0.016999 -0.006942 -0.043076 
-0.044199 -0.017037 -0.006958 -0.043173 
-0.044298 -0.017075 -0.006973 -0.043270 
-0.044397 -0.017114 -0.006989 -0.043366 
-0.044496 -0.017152 -0.007004 -0.043463 
-0.044595 -0.017190 -0.007020 -0.043560 
-0.044694 -0.017228 -0.007036 -0.043657 
-0.044793 -0.017266 -0.007051 -0.043754 
-0.044892 -0.017305 -0.007067 -0.043850 
-0.044991 -0.017343 -0.007082 -0.043947 
-0.045090 -0.017381 -0.007098 -0.044044 
-0.045190 -0.017419 -0.007114 -0.044141 
-0.045289 -0.017457 -0.007129 -0.044238 
-0.045388 -0.017496 -0.007145 -0.044334 
-0.045487 -0.017534 -0.007160 -0.044431 
-0.045586 -0.017572 -0.007176 -0.044528 
-0.045685 -0.017610 -0.007192 -0.044625 
-0.045784 -0.017648 -0.007207 -0.044722 
-0.045883 -0.017687 -0.007223 -0.044818 
-0.045982 -0.017725 -0.007238 -0.044915 
-0.046081 -0.017763 -0.007254 -0.045012 
-0.046181 -0.017801 -0.007270 -0.045109 
-0.046280 -0.017839 -0.007285 -0.045206 
-0.046379 -0.017878 -0.007301 -0.045302 
-0.046478 -0.017916 -0.007316 -0.045399 
-0.046577 -0.017954 -0.007332 -0.045496 
-0.046676 -0.017992 -0.007348 -0.045593 
-0.046775 -0.018030 -0.007363 -0.045690 
-0.046874 -0.018069 -0.007379 -0.045786 
-0.046973 -0.018107 -0.007394 -0.045883 
-0.047072 -0.018145 -0.007410 -0.045980 
-0.047172 -0.018183 -0.007426 -0.046077 
-0.047271 -0.018221 -0.007441 -0.046174 
-0.047370 -0.018260 -0.007457 -0.046270 
-0.047469 -0.018298 -0.007472 -0.046367 
-0.047568 -0.018336 -0.007488 -0.046464 
-0.047667 -0.018374 -0.007504 -0.046561 
-0.047766 -0.018412 -0.007519 -0.046658 
-0.047865 -0.018451 -0.007535 -0.046754 
-0.047964 -0.018489 -0.007550 -0.046851 
-0.048063 -0.018527 -0.007566 -0.046948 
-0.048163 -0.018565 -0.007582 -0.047045 
-0.048262 -0.018603 -0.007597 -0.047142 
-0.048361 -0.018642 -0.007613 -0.047238 
-0.048460 -0.018680 -0.007628 -0.047335 
-0.048559 -0.018718 -0.007644 -0.047432 
-0.048658 -0.018756 -0.007660 -0.047529 
-0.048757 -0.018794 -0.007675 -0.047626 
-0.048856 -0.018833 -0.007691 -0.047722 
-0.048955 -0.018871 -0.007706 -0.047819 
-0.049054 -0.018909 -0.007722 -0.047916 
-0.049154 -0.018947 -0.007738 -0.048013 
-0.049253 -0.018985 -0.007753 -0.048110 
-0.049352 -0.019024 -0.007769 -0.048206 
-0.049451 -0.019062 -0.007784 -0.048303 
-0.049550 -0.019100 -0.007800 -0.048400 
-0.049649 -0.019138 -0.007816 -0.048497 
-0.049748 -0.019176 -0.007831 -0.048594 
-0.049847 -0.019215 -0.007847 -0.048690 
-0.049946 -0.019253 -0.007862 -0.048787 
-0.050045 -0.019291 -0.007878 -0.048884 
-0.050145 -0.019329 -0.007894 -0.048981 
-0.050244 -0.019367 -0.007909 -0.049078 
-0.050343 -0.019406 -0.007925 -0.049174 
-0.050442 -0.019444 -0.007940 -0.049271 
-0.050541 -0.019482 -0.007956 -0.049368 
-0.050640 -0.019520 -0.007972 -0.049465 
-0.050739 -0.019558 -0.007987 -0.049562 
-0.050838 -0.019597 -0.008003 -0.049658 
-0.050937 -0.019635 -0.008018 -0.049755 
-0.051036 -0.019673 -0.008034 -0.049852 
-0.051136 -0.019711 -0.008050 -0.049949 
-0.051235 -0.019749 -0.008065 -0.050046 
-0.051334 -0.019788 -0.008081 -0.050142 
-0.051433 -0.019826 -0.008096 -0.050239 
-0.051532 -0.019864 -0.008112 -0.050336 
-0.051631 -0.019902 -0.008128 -0.050433 
-0.051730 -0.019940 -0.008143 -0.050530 
-0.051829 -0.019979 -0.008159 -0.050626 
-0.051928 -0.020017 -0.008174 -0.050723 
-0.052027 -0.020055 -0.008190 -0.050820 
-0.052127 -0.020093 -0.008206 -0.050917 
-0.052226 -0.020131 -0.008221 -0.051014 
-0.052325 -0.020170 -0.008237 -0.051110 
-0.052424 -0.020208 -0.008252 -0.051207 
-0.052523 -0.020246 -0.008268 -0.051304 
-0.052622 -0.020284 -0.008284 -0.051401 
-0.052721 -0.020322 -0.008299 -0.051498 
-0.052820 -0.020361 -0.008315 -0.051594 
-0.052919 -0.020399 -0.008330 -0.051691 
-0.053018 -0.020437 -0.008346 -0.051788 
-0.053118 -0.020475 -0.008362 -0.051885 
-0.053217 -0.020513 -0.008377 -0.051982 
-0.053316 -0.020552 -0.008393 -0.052078 
-0.053415 -0.020590 -0.008408 -0.052175 
-0.053514 -0.020628 -0.008424 -0.052272 
-0.053613 -0.020666 -0.008440 -0.052369 
-0.053712 -0.020704 -0.008455 -0.052466 
-0.053811 -0.020743 -0.008471 -0.052562 
-0.053910 -0.020781 -0.008486 -0.052659 
-0.054009 -0.020819 -0.008502 -0.052756 
-0.054109 -0.020857 -0.008518 -0.052853 
-0.054208 -0.020895 -0.008533 -0.052950 
-0.054307 -0.020934 -0.008549 -0.053046 
-0.054406 -0.020972 -0.008564 -0.053143 
-0.054505 -0.021010 -0.008580 -0.053240 
-0.054604 -0.021048 -0.008596 -0.053337 
-0.054703 -0.021086 -0.008611 -0.053434 
-0.054802 -0.021125 -0.008627 -0.053530 
-0.054901 -0.021163 -0.008642 -0.053627 
-0.055000 -0.021201 -0.008658 -0.053724 
-0.055100 -0.021239 -0.008674 -0.053821 
-0.055199 -0.021277 -0.008689 -0.053918 
-0.055298 -0.021316 -0.008705 -0.054014 
-0.055397 -0.021354 -0.008720 -0.054111 
-0.055496 -0.021392 -0.008736 -0.054208 
-0.055595 -0.021430 -0.008752 -0.054305 
-0.055694 -0.021468 -0.008767 -0.054402 
-0.055793 -0.021507 -0.008783 -0.054498 
-0.055892 -0.021545 -0.008798 -0.054595 
-0.055991 -0.021583 -0.008814 -0.054692 
-0.056091 -0.021621 -0.008830 -0.054789 
-0.056190 -0.021659 -0.008845 -0.054886 
-0.056289 -0.021698 -0.008861 -0.054982 
-0.056388 -0.021736 -0.008876 -0.055079 
-0.056487 -0.021774 -0.008892 -0.055176 
-0.056586 -0.021812 -0.008908 -0.055273 
-0.056685 -0.021850 -0.008923 -0.055370 
-0.056784 -0.021889 -0.008939 -0.055466 
-0.056883 -0.021927 -0.008954 -0.055563 
-0.056982 -0.021965 -0.008970 -0.055660 
-0.057082 -0.022003 -0.008986 -0.055757 
-0.057181 -0.022041 -0.009001 -0.055854 
-0.057280 -0.022080 -0.009017 -0.055950 
-0.057379 -0.022118 -0.009032 -0.056047 
-0.057478 -0.022156 -0.009048 -0.056144 
-0.057577 -0.022194 -0.009064 -0.056241 
-0.057676 -0.022232 -0.009079 -0.056338 
-0.057775 -0.022271 -0.009095 -0.056434 
-0.057874 -0.022309 -0.009110 -0.056531 
-0.057973 -0.022347 -0.009126 -0.056628 
-0.058073 -0.022385 -0.009142 -0.056725 
-0.058172 -0.022423 -0.009157 -0.056822 
-0.058271 -0.022462 -0.009173 -0.056918 
-0.058370 -0.022500 -0.009188 -0.057015 
-0.058469 -0.022538 -0.009204 -0.057112 
-0.058568 -0.022576 -0.009220 -0.057209 
-0.058667 -0.022614 -0.009235 -0.057306 
-0.058766 -0.022653 -0.009251 -0.057402 
-0.058865 -0.022691 -0.009266 -0.057499 
-0.058964 -0.022729 -0.009282 -0.057596 
-0.059064 -0.022767 -0.009298 -0.057693 
-0.059163 -0.022805 -0.009313 -0.057790 
-0.059262 -0.022844 -0.009329 -0.057886 
-0.059361 -0.022882 -0.009344 -0.057983 
-0.059460 -0.022920 -0.009360 -0.058080 
-0.059559 -0.022958 -0.009376 -0.058177 
-0.059658 -0.022996 -0.009391 -0.058274 
-0.059757 -0.023035 -0.009407 -0.058370 
-0.059856 -0.023073 -0.009422 -0.058467 
-0.059955 -0.023111 -0.009438 -0.058564 
-0.060055 -0.023149 -0.009454 -0.058661 
-0.060154 -0.023187 -0.009469 -0.058758 
-0.060253 -0.023226 -0.009485 -0.058854 
-0.060352 -0.023264 -0.009500 -0.058951 
-0.060451 -0.023302 -0.009516 -0.059048 
-0.060550 -0.023340 -0.009532 -0.059145 
-0.060649 -0.023378 -0.009547 -0.059242 
-0.060748 -0.023417 -0.009563 -0.059338 
-0.060847 -0.023455 -0.009578 -0.059435 
-0.060946 -0.023493 -0.009594 -0.059532 
-0.061046 -0.023531 -0.009610 -0.059629 
-0.061145 -0.023569 -0.009625 -0.059726 
-0.061244 -0.023608 -0.009641 -0.059822 
-0.061343 -0.023646 -0.009656 -0.059919 
-0.061442 -0.023684 -0.009672 -0.060016 
-0.061541 -0.023722 -0.009688 -0.060113 
-0.061640 -0.023760 -0.009703 -0.060210 
-0.061739 -0.023799 -0.009719 -0.060306 
-0.061838 -0.023837 -0.009734 -0.060403 
-0.061937 -0.023875 -0.009750 -0.060500 
-0.062037 -0.023913 -0.009766 -0.060597 
-0.062136 -0.023951 -0.009781 -0.060694 
-0.062235 -0.023990 -0.009797 -0.060790 
-0.062334 -0.024028 -0.009812 -0.060887 
-0.062433 -0.024066 -0.009828 -0.060984 
-0.062532 -0.024104 -0.009844 -0.061081 
-0.062631 -0.024142 -0.009859 -0.061178 
-0.062730 -0.024181 -0.009875 -0.061274 
-0.062829 -0.024219 -0.009890 -0.061371 
-0.062928 -0.024257 -0.009906 -0.061468 
-0.063028 -0.024295 -0.009922 -0.061565 
-0.063127 -0.024333 -0.009937 -0.061662 
-0.063226 -0.024372 -0.009953 -0.061758 
-0.063325 -0.024410 -0.009968 -0.061855 
-0.063424 -0.024448 -0.009984 -0.061952 
-0.063523 -0.024486 -0.010000 -0.062049 
-0.063622 -0.024524 -0.010015 -0.062146 
-0.063721 -0.024563 -0.010031 -0.062242 
-0.063820 -0.024601 -0.010046 -0.062339 
-0.063920 -0.024639 -0.010062 -0.062436 
-0.064019 -0.024677 -0.010078 -0.062533 
-0.064118 -0.024715 -0.010093 -0.062630 
-0.064217 -0.024754 -0.010109 -0.062726 
-0.064316 -0.024792 -0.010124 -0.062823 
-0.064415 -0.024830 -0.010140 -0.062920 
-0.064514 -0.024868 -0.010156 -0.063017 
-0.064613 -0.024906 -0.010171 -0.063114 
-0.064712 -0.024945 -0.010187 -0.063210 
-0.064811 -0.024983 -0.010202 -0.063307 
-0.064910 -0.025021 -0.010218 -0.063404 
-0.065010 -0.025059 -0.010234 -0.063501 
-0.065109 -0.025097 -0.010249 -0.063598 
-0.065208 -0.025136 -0.010265 -0.063694 
-0.065307 -0.025174 -0.010280 -0.063791 
-0.065406 -0.025212 -0.010296 -0.063888 
-0.065505 -0.025250 -0.010312 -0.063985 
-0.065604 -0.025288 -0.010327 -0.064082 
-0.065703 -0.025327 -0.010343 -0.064178 
-0.065802 -0.025365 -0.010358 -0.064275 
-0.065902 -0.025403 -0.010374 -0.064372 
-0.066001 -0.025441 -0.010390 -0.064469 
-0.066100 -0.025479 -0.010405 -0.064566 
-0.066199 -0.025518 -0.010421 -0.064662 
-0.066298 -0.025556 -0.010436 -0.064759 
-0.066397 -0.025594 -0.010452 -0.064856 
-0.066496 -0.025632 -0.010468 -0.064953 
-0.066595 -0.025670 -0.010483 -0.065050 
-0.066694 -0.025709 -0.010499 -0.065146 
-0.066793 -0.025747 -0.010514 -0.065243 
-0.066892 -0.025785 -0.010530 -0.065340 
-0.066992 -0.025823 -0.010546 -0.065437 
-0.067091 -0.025861 -0.010561 -0.065534 
-0.067190 -0.025900 -0.010577 -0.065630 
-0.067289 -0.025938 -0.010592 -0.065727 
-0.067388 -0.025976 -0.010608 -0.065824 
-0.067487 -0.026014 -0.010624 -0.065921 
-0.067586 -0.026052 -0.010639 -0.066018 
-0.067685 -0.026091 -0.010655 -0.066114 
-0.067784 -0.026129 -0.010670 -0.066211 
-0.067883 -0.026167 -0.010686 -0.066308 
-0.067983 -0.026205 -0.010702 -0.066405 
-0.068082 -0.026243 -0.010717 -0.066502 
-0.068181 -0.026282 -0.010733 -0.066598 
-0.068280 -0.026320 -0.010748 -0.066695 
-0.068379 -0.026358 -0.010764 -0.066792 
-0.068478 -0.026396 -0.010780 -0.066889 
-0.068577 -0.026434 -0.010795 -0.066986 
-0.068676 -0.026473 -0.010811 -0.067082 
-0.068775 -0.026511 -0.010826 -0.067179 
-0.068874 -0.026549 -0.010842 -0.067276 
-0.068974 -0.026587 -0.010858 -0.067373 
-0.069073 -0.026625 -0.010873 -0.067470 
-0.069172 -0.026664 -0.010889 -0.067566 
-0.069271 -0.026702 -0.010904 -0.067663 
-0.069370 -0.026740 -0.010920 -0.067760 
-0.069469 -0.026778 -0.010936 -0.067857 
-0.069568 -0.026816 -0.010951 -0.067954 
-0.069667 -0.026855 -0.010967 -0.068050 
-0.069766 -0.026893 -0.010982 -0.068147 
-0.069865 -0.026931 -0.010998 -0.068244 
-0.069965 -0.026969 -0.011014 -0.068341 
-0.070064 -0.027007 -0.011029 -0.068438 
-0.070163 -0.027046 -0.011045 -0.068534 
-0.070262 -0.027084 -0.011060 -0.068631 
-0.070361 -0.027122 -0.011076 -0.068728 
-0.070460 -0.027160 -0.011092 -0.068825 
-0.070559 -0.027198 -0.011107 -0.068922 
-0.070658 -0.027237 -0.011123 -0.069018 
-0.070757 -0.027275 -0.011138 -0.069115 
-0.070857 -0.027313 -0.011154 -0.069212 
-0.070956 -0.027351 -0.011170 -0.069309 
-0.071055 -0.027389 -0.011185 -0.069406 
-0.071154 -0.027428 -0.011201 -0.069502 
-0.071253 -0.027466 -0.011216 -0.069599 
-0.071352 -0.027504 -0.011232 -0.069696 
-0.071451 -0.027542 -0.011248 -0.069793 
-0.071550 -0.027580 -0.011263 -0.069890 
-0.071649 -0.027619 -0.011279 -0.069986 
-0.071748 -0.027657 -0.011294 -0.070083 
-0.071847 -0.027695 -0.011310 -0.070180 
-0.071947 -0.027733 -0.011326 -0.070277 
-0.072046 -0.027771 -0.011341 -0.070374 
-0.072145 -0.027810 -0.011357 -0.070470 
-0.072244 -0.027848 -0.011372 -0.070567 
-0.072343 -0.027886 -0.011388 -0.070664 
-0.072442 -0.027924 -0.011404 -0.070761 
-0.072541 -0.027962 -0.011419 -0.070858 
-0.072640 -0.028001 -0.011435 -0.070954 
-0.072739 -0.028039 -0.011450 -0.071051 
-0.072839 -0.028077 -0.011466 -0.071148 
-0.072938 -0.028115 -0.011482 -0.071245 
-0.073037 -0.028153 -0.011497 -0.071342 
-0.073136 -0.028192 -0.011513 -0.071438 
-0.073235 -0.028230 -0.011528 -0.071535 
-0.073334 -0.028268 -0.011544 -0.071632 
-0.073433 -0.028306 -0.011560 -0.071729 
-0.073532 -0.028344 -0.011575 -0.071826 
-0.073631 -0.028383 -0.011591 -0.071922 
-0.073730 -0.028421 -0.011606 -0.072019 
-0.073829 -0.028459 -0.011622 -0.072116 
-0.073929 -0.028497 -0.011638 -0.072213 
-0.074028 -0.028535 -0.011653 -0.072310 
-0.074127 -0.028574 -0.011669 -0.072406 
-0.074226 -0.028612 -0.011684 -0.072503 
-0.074325 -0.028650 -0.011700 -0.072600 
-0.074424 -0.028688 -0.011716 -0.072697 
-0.074523 -0.028726 -0.011731 -0.072794 
-0.074622 -0.028765 -0.011747 -0.072890 
-0.074721 -0.028803 -0.011762 -0.072987 
-0.074820 -0.028841 -0.011778 -0.073084 
-0.074920 -0.028879 -0.011794 -0.073181 
-0.075019 -0.028917 -0.011809 -0.073278 
-0.075118 -0.028956 -0.011825 -0.073374 
-0.075217 -0.028994 -0.011840 -0.073471 
-0.075316 -0.029032 -0.011856 -0.073568 
-0.075415 -0.029070 -0.011872 -0.073665 
-0.075514 -0.029108 -0.011887 -0.073762 
-0.075613 -0.029147 -0.011903 -0.073858 
-0.075712 -0.029185 -0.011918 -0.073955 
-0.075811 -0.029223 -0.011934 -0.074052 
-0.075911 -0.029261 -0.011950 -0.074149 
-0.076010 -0.029299 -0.011965 -0.074246 
-0.076109 -0.029338 -0.011981 -0.074342 
-0.076208 -0.029376 -0.011996 -0.074439 
-0.076307 -0.029414 -0.012012 -0.074536 
-0.076406 -0.029452 -0.012028 -0.074633 
-0.076505 -0.029490 -0.012043 -0.074730 
-0.076604 -0.029529 -0.012059 -0.074826 
-0.076703 -0.029567 -0.012074 -0.074923 
-0.076802 -0.029605 -0.012090 -0.075020 
-0.076902 -0.029643 -0.012106 -0.075117 
-0.077001 -0.029681 -0.012121 -0.075214 
-0.077100 -0.029720 -0.012137 -0.075310 
-0.077199 -0.029758 -0.012152 -0.075407 
-0.077298 -0.029796 -0.012168 -0.075504 
-0.077397 -0.029834 -0.012184 -0.075601 
-0.077496 -0.029872 -0.012199 -0.075698 
-0.077595 -0.029911 -0.012215 -0.075794 
-0.077694 -0.029949 -0.012230 -0.075891 
-0.077793 -0.029987 -0.012246 -0.075988 
-0.077893 -0.030025 -0.012262 -0.076085 
-0.077992 -0.030063 -0.012277 -0.076182 
-0.078091 -0.030102 -0.012293 -0.076278 
-0.078190 -0.030140 -0.012308 -0.076375 
-0.078289 -0.030178 -0.012324 -0.076472 
-0.078388 -0.030216 -0.012340 -0.076569 
-0.078487 -0.030254 -0.012355 -0.076666 
-0.078586 -0.030293 -0.012371 -0.076762 
-0.078685 -0.030331 -0.012386 -0.076859 
-0.078784 -0.030369 -0.012402 -0.076956 
-0.078884 -0.030407 -0.012418 -0.077053 
-0.078983 -0.030445 -0.012433 -0.077150 
-0.079082 -0.030484 -0.012449 -0.077246 
-0.079181 -0.030522 -0.012464 -0.077343 
-0.079280 -0.030560 -0.012480 -0.077440 
-0.079379 -0.030598 -0.012496 -0.077537 
-0.079478 -0.030636 -0.012511 -0.077634 
-0.079577 -0.030675 -0.012527 -0.077730 
-0.079676 -0.030713 -0.012542 -0.077827 
-0.079775 -0.030751 -0.012558 -0.077924 
-0.079875 -0.030789 -0.012574 -0.078021 
-0.079974 -0.030827 -0.012589 -0.078118 
-0.080073 -0.030866 -0.012605 -0.078214 
-0.080172 -0.030904 -0.012620 -0.078311 
-0.080271 -0.030942 -0.012636 -0.078408 
-0.080370 -0.030980 -0.012652 -0.078505 
-0.080469 -0.031018 -0.012667 -0.078602 
-0.080568 -0.031057 -0.012683 -0.078698 
-0.080667 -0.031095 -0.012698 -0.078795 
-0.080766 -0.031133 -0.012714 -0.078892 
-0.080866 -0.031171 -0.012730 -0.078989 
-0.080965 -0.031209 -0.012745 -0.079086 
-0.081064 -0.031248 -0.012761 -0.079182 
-0.081163 -0.031286 -0.012776 -0.079279 
-0.081262 -0.031324 -0.012792 -0.079376 
-0.081361 -0.031362 -0.012808 -0.079473 
-0.081460 -0.031400 -0.012823 -0.079570 
-0.081559 -0.031439 -0.012839 -0.079666 
-0.081658 -0.031477 -0.012854 -0.079763 
-0.081757 -0.031515 -0.012870 -0.079860 
-0.081857 -0.031553 -0.012886 -0.079957 
-0.081956 -0.031591 -0.012901 -0.080054 
-0.082055 -0.031630 -0.012917 -0.080150 
-0.082154 -0.031668 -0.012932 -0.080247 
-0.082253 -0.031706 -0.012948 -0.080344 
-0.082352 -0.031744 -0.012964 -0.080441 
-0.082451 -0.031782 -0.012979 -0.080538 
-0.082550 -0.031821 -0.012995 -0.080634 
-0.082649 -0.031859 -0.013010 -0.080731 
-0.082748 -0.031897 -0.013026 -0.080828 
-0.082848 -0.031935 -0.013042 -0.080925 
-0.082947 -0.031973 -0.013057 -0.081022 
-0.083046 -0.032012 -0.013073 -0.081118 
-0.083145 -0.032050 -0.013088 -0.081215 
-0.083244 -0.032088 -0.013104 -0.081312 
-0.083343 -0.032126 -0.013120 -0.081409 
-0.083442 -0.032164 -0.013135 -0.081506 
-0.083541 -0.032203 -0.013151 -0.081602 
-0.083640 -0.032241 -0.013166 -0.081699 
-0.083739 -0.032279 -0.013182 -0.081796 
-0.083839 -0.032317 -0.013198 -0.081893 
-0.083938 -0.032355 -0.013213 -0.081990 
-0.084037 -0.032394 -0.013229 -0.082086 
-0.084136 -0.032432 -0.013244 -0.082183 
-0.084235 -0.032470 -0.013260 -0.082280 
-0.084334 -0.032508 -0.013276 -0.082377 
-0.084433 -0.032546 -0.013291 -0.082474 
-0.084532 -0.032585 -0.013307 -0.082570 
-0.084631 -0.032623 -0.013322 -0.082667 
-0.084730 -0.032661 -0.013338 -0.082764 
-0.084830 -0.032699 -0.013354 -0.082861 
-0.084929 -0.032737 -0.013369 -0.082958 
-0.085028 -0.032776 -0.013385 -0.083054 
-0.085127 -0.032814 -0.013400 -0.083151 
-0.085226 -0.032852 -0.013416 -0.083248 
-0.085325 -0.032890 -0.013432 -0.083345 
-0.085424 -0.032928 -0.013447 -0.083442 
-0.085523 -0.032967 -0.013463 -0.083538 
-0.085622 -0.033005 -0.013478 -0.083635 
-0.085721 -0.033043 -0.013494 -0.083732 
-0.085821 -0.033081 -0.013510 -0.083829 
-0.085920 -0.033119 -0.013525 -0.083926 
-0.086019 -0.033158 -0.013541 -0.084022 
-0.086118 -0.033196 -0.013556 -0.084119 
-0.086217 -0.033234 -0.013572 -0.084216 
-0.086316 -0.033272 -0.013588 -0.084313 
-0.086415 -0.033310 -0.013603 -0.084410 
-0.086514 -0.033349 -0.013619 -0.084506 
-0.086613 -0.033387 -0.013634 -0.084603 
-0.086712 -0.033425 -0.013650 -0.084700 
-0.086812 -0.033463 -0.013666 -0.084797 
-0.086911 -0.033501 -0.013681 -0.084894 
-0.087010 -0.033540 -0.013697 -0.084990 
-0.087109 -0.033578 -0.013712 -0.085087 
-0.087208 -0.033616 -0.013728 -0.085184 
-0.087307 -0.033654 -0.013744 -0.085281 
-0.087406 -0.033692 -0.013759 -0.085378 
-0.087505 -0.033731 -0.013775 -0.085474 
-0.087604 -0.033769 -0.013790 -0.085571 
-0.087703 -0.033807 -0.013806 -0.085668 
-0.087803 -0.033845 -0.013822 -0.085765 
-0.087902 -0.033883 -0.013837 -0.085862 
-0.088001 -0.033922 -0.013853 -0.085958 
-0.088100 -0.033960 -0.013868 -0.086055 
-0.088199 -0.033998 -0.013884 -0.086152 
-0.088298 -0.034036 -0.013900 -0.086249 
-0.088397 -0.034074 -0.013915 -0.086346 
-0.088496 -0.034113 -0.013931 -0.086442 
-0.088595 -0.034151 -0.013946 -0.086539 
-0.088694 -0.034189 -0.013962 -0.086636 
-0.088794 -0.034227 -0.013978 -0.086733 
-0.088893 -0.034265 -0.013993 -0.086830 
-0.088992 -0.034304 -0.014009 -0.086926 
-0.089091 -0.034342 -0.014024 -0.087023 
-0.089190 -0.034380 -0.014040 -0.087120 
-0.089289 -0.034418 -0.014056 -0.087217 
-0.089388 -0.034456 -0.014071 -0.087314 
-0.089487 -0.034495 -0.014087 -0.087410 
-0.089586 -0.034533 -0.014102 -0.087507 
-0.089685 -0.034571 -0.014118 -0.087604 
-0.089785 -0.034609 -0.014134 -0.087701 
-0.089884 -0.034647 -0.014149 -0.087798 
-0.089983 -0.034686 -0.014165 -0.087894 
-0.090082 -0.034724 -0.014180 -0.087991 
-0.090181 -0.034762 -0.014196 -0.088088 
-0.090280 -0.034800 -0.014212 -0.088185 
-0.090379 -0.034838 -0.014227 -0.088282 
-0.090478 -0.034877 -0.014243 -0.088378 
-0.090577 -0.034915 -0.014258 -0.088475 
-0.090676 -0.034953 -0.014274 -0.088572 
-0.090776 -0.034991 -0.014290 -0.088669 
-0.090875 -0.035029 -0.014305 -0.088766 
-0.090974 -0.035068 -0.014321 -0.088862 
-0.091073 -0.035106 -0.014336 -0.088959 
-0.091172 -0.035144 -0.014352 -0.089056 
-0.091271 -0.035182 -0.014368 -0.089153 
-0.091370 -0.035220 -0.014383 -0.089250 
-0.091469 -0.035259 -0.014399 -0.089346 
-0.091568 -0.035297 -0.014414 -0.089443 
-0.091667 -0.035335 -0.014430 -0.089540 
-0.091767 -0.035373 -0.014446 -0.089637 
-0.091866 -0.035411 -0.014461 -0.089734 
-0.091965 -0.035450 -0.014477 -0.089830 
-0.092064 -0.035488 -0.014492 -0.089927 
-0.092163 -0.035526 -0.014508 -0.090024 
-0.092262 -0.035564 -0.014524 -0.090121 
-0.092361 -0.035602 -0.014539 -0.090218 
-0.092460 -0.035641 -0.014555 -0.090314 
-0.092559 -0.035679 -0.014570 -0.090411 
-0.092658 -0.035717 -0.014586 -0.090508 
-0.092758 -0.035755 -0.014602 -0.090605 
-0.092857 -0.035793 -0.014617 -0.090702 
-0.092956 -0.035832 -0.014633 -0.090798 
-0.093055 -0.035870 -0.014648 -0.090895 
-0.093154 -0.035908 -0.014664 -0.090992 
-0.093253 -0.035946 -0.014680 -0.091089 
-0.093352 -0.035984 -0.014695 -0.091186 
-0.093451 -0.036023 -0.014711 -0.091282 
-0.093550 -0.036061 -0.014726 -0.091379 
-0.093649 -0.036099 -0.014742 -0.091476 
-0.093749 -0.036137 -0.014758 -0.091573 
-0.093848 -0.036175 -0.014773 -0.091670 
-0.093947 -0.036214 -0.014789 -0.091766 
-0.094046 -0.036252 -0.014804 -0.091863 
-0.094145 -0.036290 -0.014820 -0.091960 
-0.094244 -0.036328 -0.014836 -0.092057 
-0.094343 -0.036366 -0.014851 -0.092154 
-0.094442 -0.036405 -0.014867 -0.092250 
-0.094541 -0.036443 -0.014882 -0.092347 
-0.094640 -0.036481 -0.014898 -0.092444 
-0.094740 -0.036519 -0.014914 -0.092541 
-0.094839 -0.036557 -0.014929 -0.092638 
-0.094938 -0.036596 -0.014945 -0.092734 
-0.095037 -0.036634 -0.014960 -0.092831 
-0.095136 -0.036672 -0.014976 -0.092928 
-0.095235 -0.036710 -0.014992 -0.093025 
-0.095334 -0.036748 -0.015007 -0.093122 
-0.095433 -0.036787 -0.015023 -0.093218 
-0.095532 -0.036825 -0.015038 -0.093315 
-0.095631 -0.036863 -0.015054 -0.093412 
-0.095731 -0.036901 -0.015070 -0.093509 
-0.095830 -0.036939 -0.015085 -0.093606 
-0.095929 -0.036978 -0.015101 -0.093702 
-0.096028 -0.037016 -0.015116 -0.093799 
-0.096127 -0.037054 -0.015132 -0.093896 
-0.096226 -0.037092 -0.015148 -0.093993 
-0.096325 -0.037130 -0.015163 -0.094090 
-0.096424 -0.037169 -0.015179 -0.094186 
-0.096523 -0.037207 -0.015194 -0.094283 
-0.096622 -0.037245 -0.015210 -0.094380 
-0.096722 -0.037283 -0.015226 -0.094477 
-0.096821 -0.037321 -0.015241 -0.094574 
-0.096920 -0.037360 -0.015257 -0.094670 
-0.097019 -0.037398 -0.015272 -0.094767 
-0.097118 -0.037436 -0.015288 -0.094864 
-0.097217 -0.037474 -0.015304 -0.094961 
-0.097316 -0.037512 -0.015319 -0.095058 
-0.097415 -0.037551 -0.015335 -0.095154 
-0.097514 -0.037589 -0.015350 -0.095251 
-0.097613 -0.037627 -0.015366 -0.095348 
-0.097713 -0.037665 -0.015382 -0.095445 
-0.097812 -0.037703 -0.015397 -0.095542 
-0.097911 -0.037742 -0.015413 -0.095638 
-0.098010 -0.037780 -0.015428 -0.095735 
-0.098109 -0.037818 -0.015444 -0.095832 
-0.098208 -0.037856 -0.015460 -0.095929 
-0.098307 -0.037894 -0.015475 -0.096026 
-0.098406 -0.037933 -0.015491 -0.096122 
-0.098505 -0.037971 -0.015506 -0.096219 
-0.098604 -0.038009 -0.015522 -0.096316 
-0.098704 -0.038047 -0.015538 -0.096413 
-0.098803 -0.038085 -0.015553 -0.096510 
-0.098902 -0.038124 -0.015569 -0.096606 
-0.099001 -0.038162 -0.015584 -0.096703 
-0.099100 -0.038200 -0.015600 -0.096800 
-0.099100 -0.038200 -0.015600 -0.096800 
-0.099100 -0.038200 -0.015600 -0.096800 
-0.099100 -0.038200 -0.015600 -0.096800 
-0.099100 -0.038200 -0.015600 -0.096800 
-0.099100 -0.038200 -0.015600 -0.096800 
-0.099100 -0.038200 -0.015600 -0.096800 
-0.099100 -0.038200 -0.015600 -0.096800 
-0.099100 -0.038200 -0.015600 -0.096800 
-0.099100 -0.038200 -0.015600 -0.096800 
-0.099100 -0.038200 -0.015600 -0.096800 
-0.099100 -0.038200 -0.015600 -0.096800 
-0.099100 -0.038200 -0.015600 -0.096800 
-0.099100 -0.038200 -0.015600 -0.096800 
-0.099100 -0.038200 -0.015600 -0.096800 
-0.099100 -0.038200 -0.015600 -0.096800 
-0.099100 -0.038200 -0.015600 -0.096800 
-0.099100 -0.038200 -0.015600 -0.096800 
-0.099100 -0.038200 -0.015600 -0.096800 
-0.099100 -0.038200 -0.015600 -0.096800 
-0.099100 -0.038200 -0.015600 -0.096800 
-0.099100 -0.038200 -0.015600 -0.096800 
-0.099100 -0.038200 -0.015600 -0.096800 
-0.099100 -0.038200 -0.015600 -0.096800 
-0.099100 -0.038200 -0.015600 -0.096800 
-0.099100 -0.038200 -0.015600 -0.096800 
-0.099100 -0.038200 -0.015600 -0.096800 
-0.099100 -0.038200 -0.015600 -0.096800 
-0.099100 -0.038200 -0.015600 -0.096800 
-0.099100 -0.038200 -0.015600 -0.096800 
-0.099100 -0.038200 -0.015600 -0.096800 
-0.099100 -0.038200 -0.015600 -0.096800 
-0.099100 -0.038200 -0.015600 -0.096800 
-0.099100 -0.038200 -0.015600 -0.096800 
-0.099100 -0.038200 -0.015600 -0.096800 
-0.099100 -0.038200 -0.015600 -0.096800 
-0.099100 -0.038200 -0.015600 -0.096800 
-0.099100 -0.038200 -0.015600 -0.096800 
-0.099100 -0.038200 -0.015600 -0.096800 
-0.099100 -0.038200 -0.015600 -0.096800 
-0.099100 -0.038200 -0.015600 -0.096800 
-0.099100 -0.038200 -0.015600 -0.096800 
-0.099100 -0.038200 -0.015600 -0.096800 
-0.099100 -0.038200 -0.015600 -0.096800 
-0.099100 -0.038200 -0.015600 -0.096800 
-0.099100 -0.038200 -0.015600 -0.096800 
-0.099100 -0.038200 -0.015600 -0.096800 
-0.099100 -0.038200 -0.015600 -0.096800 
-0.099100 -0.038200 -0.015600 -0.096800 
-0.099100 -0.038200 -0.015600 -0.096800 
-0.099100 -0.038200 -0.015600 -0.096800 
-0.099100 -0.038200 -0.015600 -0.096800 
-0.099100 -0.038200 -0.015600 -0.096800 
-0.099100 -0.038200 -0.015600 -0.096800 
-0.099100 -0.038200 -0.015600 -0.096800 
-0.099100 -0.038200 -0.015600 -0.096800 
-0.099100 -0.038200 -0.015600 -0.096800 
-0.099100 -0.038200 -0.015600 -0.096800 
-0.099100 -0.038200 -0.015600 -0.096800 
-0.099100 -0.038200 -0.015600 -0.096800 
-0.099100 -0.038200 -0.015600 -0.096800 
-0.099100 -0.038200 -0.015600 -0.096800 
-0.099100 -0.038200 -0.015600 -0.096800 
-0.099100 -0.038200 -0.015600 -0.096800 
-0.099100 -0.038200 -0.015600 -0.096800 
-0.099100 -0.038200 -0.015600 -0.096800 
-0.099100 -0.038200 -0.015600 -0.096800 
-0.099100 -0.038200 -0.015600 -0.096800 
-0.099100 -0.038200 -0.015600 -0.096800 
-0.099100 -0.038200 -0.015600 -0.096800 
-0.099100 -0.038200 -0.015600 -0.096800 
-0.099100 -0.038200 -0.015600 -0.096800 
-0.099100 -0.038200 -0.015600 -0.096800 
-0.099100 -0.038200 -0.015600 -0.096800 
-0.099100 -0.038200 -0.015600 -0.096800 
-0.099100 -0.038200 -0.015600 -0.096800 
-0.099100 -0.038200 -0.015600 -0.096800 
-0.099100 -0.038200 -0.015600 -0.096800 
-0.099100 -0.038200 -0.015600 -0.096800 
-0.099100 -0.038200 -0.015600 -0.096800 
-0.099100 -0.038200 -0.015600 -0.096800 
-0.099100 -0.038200 -0.015600 -0.096800 
-0.099100 -0.038200 -0.015600 -0.096800 
-0.099100 -0.038200 -0.015600 -0.096800 
-0.099100 -0.038200 -0.015600 -0.096800 
-0.099100 -0.038200 -0.015600 -0.096800 
-0.099100 -0.038200 -0.015600 -0.096800 
-0.099100 -0.038200 -0.015600 -0.096800 
-0.099100 -0.038200 -0.015600 -0.096800 
-0.099100 -0.038200 -0.015600 -0.096800 
-0.099100 -0.038200 -0.015600 -0.096800 
-0.099100 -0.038200 -0.015600 -0.096800 
-0.099100 -0.038200 -0.015600 -0.096800 
-0.099100 -0.038200 -0.015600 -0.096800 
-0.099100 -0.038200 -0.015600 -0.096800 
-0.099100 -0.038200 -0.015600 -0.096800 
-0.099100 -0.038200 -0.015600 -0.096800 
-0.099100 -0.038200 -0.015600 -0.096800 
-0.099100 -0.038200 -0.015600 -0.096800 
-0.099100 -0.038200 -0.015600 -0.096800 
-0.099100 -0.038200 -0.015600 -0.096800 
-0.099100 -0.038200 -0.015600 -0.096800 
-0.099100 -0.038200 -0.015600 -0.096800 
-0.099100 -0.038200 -0.015600 -0.096800 
-0.099100 -0.038200 -0.015600 -0.096800 
-0.099100 -0.038200 -0.015600 -0.096800 
-0.099100 -0.038200 -0.015600 -0.096800 
-0.099100 -0.038200 -0.015600 -0.096800 
-0.099100 -0.038200 -0.015600 -0.096800 
-0.099100 -0.038200 -0.015600 -0.096800 
-0.099100 -0.038200 -0.015600 -0.096800 
-0.099100 -0.038200 -0.015600 -0.096800 
-0.099100 -0.038200 -0.015600 -0.096800 
-0.099100 -0.038200 -0.015600 -0.096800 
-0.099100 -0.038200 -0.015600 -0.096800 
-0.099100 -0.038200 -0.015600 -0.096800 
-0.099100 -0.038200 -0.015600 -0.096800 
-0.099100 -0.038200 -0.015600 -0.096800 
-0.099100 -0.038200 -0.015600 -0.096800 
-0.099100 -0.038200 -0.015600 -0.096800 
-0.099100 -0.038200 -0.015600 -0.096800 
-0.099100 -0.038200 -0.015600 -0.096800 
-0.099100 -0.038200 -0.015600 -0.096800 
-0.099100 -0.038200 -0.015600 -0.096800 
-0.099100 -0.038200 -0.015600 -0.096800 
-0.099100 -0.038200 -0.015600 -0.096800 
-0.099100 -0.038200 -0.015600 -0.096800 
-0.099100 -0.038200 -0.015600 -0.096800 
-0.099100 -0.038200 -0.015600 -0.096800 
-0.099100 -0.038200 -0.015600 -0.096800 
-0.099100 -0.038200 -0.015600 -0.096800 
-0.099100 -0.038200 -0.015600 -0.096800 
-0.099100 -0.038200 -0.015600 -0.096800 
-0.099100 -0.038200 -0.015600 -0.096800 
-0.099100 -0.038200 -0.015600 -0.096800 
-0.099100 -0.038200 -0.015600 -0.096800 
-0.099100 -0.038200 -0.015600 -0.096800 
-0.099100 -0.038200 -0.015600 -0.096800 
-0.099100 -0.038200 -0.015600 -0.096800 
-0.099100 -0.038200 -0.015600 -0.096800 
-0.099100 -0.038200 -0.015600 -0.096800 
-0.099100 -0.038200 -0.015600 -0.096800 
-0.099100 -0.038200 -0.015600 -0.096800 
-0.099100 -0.038200 -0.015600 -0.096800 
-0.099100 -0.038200 -0.015600 -0.096800 
-0.099100 -0.038200 -0.015600 -0.096800 
-0.099100 -0.038200 -0.015600 -0.096800 
-0.099100 -0.038200 -0.015600 -0.096800 
-0.099100 -0.038200 -0.015600 -0.096800 
-0.099100 -0.038200 -0.015600 -0.096800 
-0.099100 -0.038200 -0.015600 -0.096800 
-0.099100 -0.038200 -0.015600 -0.096800 
-0.099100 -0.038200 -0.015600 -0.096800 
-0.099100 -0.038200 -0.015600 -0.096800 
-0.099100 -0.038200 -0.015600 -0.096800 
-0.099100 -0.038200 -0.015600 -0.096800 
-0.099100 -0.038200 -0.015600 -0.096800 
-0.099100 -0.038200 -0.015600 -0.096800 
-0.099100 -0.038200 -0.015600 -0.096800 
-0.099100 -0.038200 -0.015600 -0.096800 
-0.099100 -0.038200 -0.015600 -0.096800 
-0.099100 -0.038200 -0.015600 -0.096800 
-0.099100 -0.038200 -0.015600 -0.096800 
-0.099100 -0.038200 -0.015600 -0.096800 
-0.099100 -0.038200 -0.015600 -0.096800 
-0.099100 -0.038200 -0.015600 -0.096800 
-0.099100 -0.038200 -0.015600 -0.096800 
-0.099100 -0.038200 -0.015600 -0.096800 
-0.099100 -0.038200 -0.015600 -0.096800 
-0.099100 -0.038200 -0.015600 -0.096800 
-0.099100 -0.038200 -0.015600 -0.096800 
-0.099100 -0.038200 -0.015600 -0.096800 
-0.099100 -0.038200 -0.015600 -0.096800 
-0.099100 -0.038200 -0.015600 -0.096800 
-0.099100 -0.038200 -0.015600 -0.096800 
-0.099100 -0.038200 -0.015600 -0.096800 
-0.099100 -0.038200 -0.015600 -0.096800 
-0.099100 -0.038200 -0.015600 -0.096800 
-0.099100 -0.038200 -0.015600 -0.096800 
-0.099100 -0.038200 -0.015600 -0.096800 
-0.099100 -0.038200 -0.015600 -0.096800 
-0.099100 -0.038200 -0.015600 -0.096800 
-0.099100 -0.038200 -0.015600 -0.096800 
-0.099100 -0.038200 -0.015600 -0.096800 
-0.099100 -0.038200 -0.015600 -0.096800 
-0.099100 -0.038200 -0.015600 -0.096800 
-0.099100 -0.038200 -0.015600 -0.096800 
-0.099100 -0.038200 -0.015600 -0.096800 
-0.099100 -0.038200 -0.015600 -0.096800 
-0.099100 -0.038200 -0.015600 -0.096800 
-0.099100 -0.038200 -0.015600 -0.096800 
-0.099100 -0.038200 -0.015600 -0.096800 
-0.099100 -0.038200 -0.015600 -0.096800 
-0.099100 -0.038200 -0.015600 -0.096800 
-0.099100 -0.038200 -0.015600 -0.096800 
-0.099100 -0.038200 -0.015600 -0.096800 
-0.099100 -0.038200 -0.015600 -0.096800 
-0.099100 -0.038200 -0.015600 -0.096800 
-0.099100 -0.038200 -0.015600 -0.096800 
-0.099100 -0.038200 -0.015600 -0.096800 
-0.099100 -0.038200 -0.015600 -0.096800 
